24018874740
95262469426
96472578800
72384715747
14186622086
60031878083
47024254807
47618046611
28037052141
31156060443
08194878721
92585688348
95720865616
63734745187
42111499978
50901473456
51120513103
09833057306
96503593627
52119323313
96826702258
27968710022
69546959987
83233917503
08930648665
29647723393
19409855365
46019814173
98962129027
21474327257
02736657748
40170966461
90302640207
72914117930
92968997106
04743895294
59208692086
33944432282
51061668100
47785615543
76709294803
39084383656
69475463976
36606296269
35811939493
67945894356
31846506344
47982665748
68626512007
11566842425
14249957365
26894888680
31862238812
14356772857
88812413072
91077153317
76389714505
01091874077
35356753403
68718546498
37019318444
95810565131
30478469284
35091992944
23784587704
33367526479
75518328400
37622120740
71444991817
53512086012
10853836280
48237573005
93370821362
41953158404
54270224908
73372820878
34161256736
63829256248
98698247490
20423151258
96074358427
75315306194
20964138697
43762561109
16965599286
29861857460
82246514959
62174982781
53677553644
50598012680
83301530109
29314874656
29105286000
88568090281
73208369042
47401344033
62762738725
40869309196
65360222387
76984373530
46630836766
79885413669
35092782161
29695379311
52241130834
73159850005
40364446030
73119533750
68945470506
58772800402
75092403527
78064978467
27792770923
72039540725
00350156832
66838609800
98087581695
57757904994
11818401479
63562492340
41428193057
13627000889
60126685894
44278340435
52983565408
68466579320
59853282283
16574972248
20967903602
73518494988
44187835202
42686684542
76154405480
66072491243
96911199948
79339944585
07263991322
52471384498
13500755666
71221950584
69894064370
92754224432
90079101593
98564446081
64495782380
04776973804
05277043772
08514176633
44895472000
81693133849
57248291854
08485984668
33852133637
58953798779
39822660170
71634931343
45832629221
19082186306
55482546187
61418121398
03525445890
64599259411
24232405208
17378820512
87183752607
70742368530
28161018863
02152881141
58536510803
48821637727
59841258544
57882636460
19613595880
70746842953
99864742990
27798851224
20907284000
80289185572
51764465539
60683905864
45444564440
74241339930
95442732206
24708372949
20389923044
66976542957
35359022825
79381511578
04020929530
95908533661
38847796806
69012644887
36707397346
61736712470
93090213494
77850750420
80218501323
73824145316
67704412760
07767980065
51110692242
29865558106
11383089787
90895138174
97640528275
93206545811
65864866539
79488164379
36385806529
82260766170
42721860941
98352080776
72540967078
33860162276
48439374526
93762946027
32937423434
59896861889
90269758135
42765151814
25280371122
57358386361
71398766224
82566004200
61679504401
44292641633
19259618266
38786044915
94458089242
63524740634
33456546106
50540207217
17253717406
04667932783
07434610883
33654391966
94634293951
06496359733
20725083638
44053436168
67479019831
66958253787
73267764076
28934893893
97993591635
36923459257
25840655252
65666556894
27900712178
69281088002
55591077943
24537447630
29035055357
73170930095
59042415185
59131246931
44471911210
06421328520
71209432781
56640000318
23443207685
32419551419
95972559870
79803179632
99355516606
91053542933
07884086310
93575422133
06765180605
57859737159
57718365085
27447036722
64022727608
92528229097
75799433440
69235838029
22704276021
18937606771
70136251757
57761052425
79291304018
85764797535
14889587772
85144086314
16825593196
82853433323
11381097626
16257951658
00910115664
59100530867
51622447166
52314507665
38113234233
09487549820
05721074639
47420444870
69419557405
14314188200
07874536843
70279132247
19952513216
24264043450
08008325402
31674769075
42564902642
09161091006
43788865458
53459837390
48700647748
68862332114
48885241140
36980753770
29695601863
36250259813
73916724916
92284175600
37941668688
93773384173
56847097612
24390104489
80251748081
76693470319
99151782987
15353670752
75894683041
22283198488
89980436700
15894394902
52376794129
25196284567
29311892351
41948396920
87412151762
71125356464
68614920784
51542303702
20090134842
62628681196
73340724997
77449540509
75973135195
05432989905
51640394435
60419206574
41353828352
17214579766
00146307291
49005353708
35766407971
76046272858
05741861407
06992468065
31028843771
60963657879
34196085270
41274378206
54720946232
23027668226
67703020710
69707271221
87110434311
90236126474
21719699380
18556287409
52981924672
58421594494
53516362200
02157448705
30418280576
39006577260
15656863654
27602646452
84649549485
17130995785
03086748125
24792158303
34276109345
91063481228
57099680803
26759198700
18960278572
37874593677
52734529459
48231220208
47312099432
68033228822
71935770187
93149071208
72339132690
76453546230
45374808907
07026370251
85645280709
47583012635
12712416171
63303887500
27813562046
85257628813
81698920407
39103085465
51652397051
51859011012
25068199591
09045320541
52469565715
68863399409
01551477904
11286654505
21299398642
37779847101
84807948873
03275507753
56519488305
94003715608
09409758580
28293066008
27066586069
79740682723
87530671189
78890528397
99196160365
41519584520
43882864192
36967078992
04930293383
41918296707
84199907602
36427030205
61515818659
50420051961
61644386240
00228499127
82068012006
10336491123
41964118948
58166384329
05629852477
23738146768
67574503303
61894376218
54626091830
25693453855
23169541978
78724388955
89282051315
18811257344
03610504102
45935884216
81614425760
60690983239
34868373978
71501665049
07703864072
82407083075
20338788050
66588258747
57265627474
25729074026
64070640401
78563281933
73617301592
09907424668
81950706206
47654135947
85038150950
13573660606
52508283886
98307010004
47138616180
74262414329
52831782694
05619445470
06035751105
24571774800
44205998988
52494227720
15129776917
63560292778
83590952300
74277781624
78486842026
83454823099
19268887584
85645693299
99717052492
56869987955
96746430103
11542433207
31686584482
95404290803
63875221451
74019399166
49618151794
70756154839
98147568657
98602585624
10789966875
92491207028
55014897320
55817107082
15794155205
85282784416
95120823734
35567058772
64202022211
22863497464
70055523420
48316767139
61585973335
32072097851
51395249024
35743113629
12045445658
74579601203
45159845356
57648962667
08197644772
15859686765
81218172932
80353462101
48621326426
86174405206
35735782258
41465549692
72532140801
82335000624
91825183783
37626070364
86367520279
42321415967
46311203987
00931789486
53488630099
73788331771
81072387611
58703163164
56355946977
81079476652
26584384942
12227174684
69479686589
25408058417
16009543240
51949887960
47509061075
68939751710
06053347302
48234904019
02139944100
11204039607
85531354894
44466779856
93407549130
72033786838
42448805776
74673233956
10827332610
22216652520
63232610064
35546559454
04668909742
97065580717
61987543165
18268846704
59638556242
04292691371
45678704508
01476361320
18140780960
49095782697
54225362078
18362278250
48443362820
40327940492
08922958308
98324260579
27923255938
51111025231
41270014706
33707499987
17634047147
40984011269
34907289987
49042725362
20166157708
78093506411
26432568757
51393509398
36003005475
75220885260
31107258510
08741363930
73431955908
53776888725
04584570868
07194759020
54561038698
49439019727
66979600273
76173749840
45721694700
15984583615
63791320661
07703296325
77058747334
17683052345
07389279613
01258173980
59883551967
78300250107
87349487240
14821930277
87594556755
71711567450
27168863932
66106886482
33032403707
71545472513
58876487085
75810143474
84953327870
95040147716
88605118440
22782300776
32613147458
73343134880
67709980252
30225696290
02969506882
31227198191
08341584000
73895102261
54047181960
02933769808
18415914598
24970574430
12604897369
83366139609
21295602881
52403965316
66104630502
65628769584
40735195498
83942572915
57203777782
63719714250
24074580799
67175895151
94083354305
47790399837
67065873382
64093722056
59604403699
54552468014
66594915541
87703895431
37715360651
28444295647
97247930446
19284175666
13995750230
89748684407
87441369789
88469750224
36474440490
39179033180
82270118294
04527196740
50793822793
37365512741
45565910820
49614715260
18713449052
10484053701
76771644200
35059040313
14235575902
90279967250
31674471335
96327972640
29311560510
76211399782
38888632522
49721955256
13280803233
32126126145
12486381740
76419737958
37272486295
21132370167
38207168072
33829746067
07831944397
94409451413
67460044903
40760643725
49478039911
04040908937
05519515590
99195035923
50060686804
77689131247
84753962679
77184280440
48127005150
20460846400
52611659036
97133167972
88602748930
52599071160
38167070689
09317107311
94489640803
47153989668
18898742720
82631079116
63349357636
65548529307
24712975016
03031575504
02288952008
06958339797
29539052190
09651899883
94096602701
45839782602
89910097435
97378099805
69035739760
19170181349
91252900961
09817812502
16487614610
25976201580
11714615421
18879439197
91855573156
95266337761
21282369245
13444540205
99700227928
82854902467
39372818356
63512485669
19307605076
07560697852
01639900420
69122064095
44766412613
74574649640
51817729195
57771240038
81541198700
64642723650
28533310676
56674040363
59327801008
96558331861
64041639263
33281413161
16535193985
26234930069
03128776849
18321175961
04298041646
35657071867
68769714819
33324765803
61924600510
09717703957
74557891497
89265389079
60222115815
05394760721
71011050765
10716938324
41142673367
60537640940
66137128849
33677803241
82518564268
48546179000
94077356210
56775938772
05131107717
35934351281
06922799461
04375010193
20923438823
83903717150
98358787227
88423417972
50750260521
32473208220
79027061599
32229404440
40726163465
15434356373
85430962864
24399561394
99850396881
51609165390
53665214327
62601686839
48423885798
21459735323
86914486794
67441493935
73465713630
88136750467
10086740873
81170737498
10770896600
81642652415
27717845130
18869059081
50620985305
70612505260
92703801904
29044018140
27666847270
98819011549
13925039651
32565443048
29758751859
72925438989
31124573070
17510407478
82689083604
47642774338
23654427650
78338596647
26981847361
36768155725
98577500365
72134842148
38863459479
86067034786
84711926321
21734732040
97246062874
65235726090
40795898401
64693337960
35311066512
39355624115
25164525941
68873417515
13278323050
88690217690
89177165632
26379618643
61061851079
74752982803
10372111386
93161480813
85184581960
99372339768
62914452551
10598208623
58777827031
82050462808
07080250218
80168147190
49057275457
11824742843
79897826858
40576571423
10954366786
32111211028
25601868450
35876874205
20013347454
60782363695
41714211100
90522725228
79926094414
41737800284
21651625131
99627639400
50007390190
80324582803
74584468389
43489599438
20450615235
83462912569
79513852717
23867125163
06634292426
05974825195
33527036040
48571346917
85128835294
10053527208
50856924032
78866590312
74117112686
67312499040
01428406298
65594105875
39397038427
98318683404
23279721164
31837766509
81340374455
52716033269
05330624380
92261305664
55092284820
17230985234
47609825158
77933634850
75266209402
19933915843
27537320861
06493939704
71813738386
20822877503
02502171555
87664848393
41375357794
34507767970
96365031688
37481510040
56741492160
60089736230
31594462801
15840635057
76405413527
88321472036
38412028295
83901641165
82662494743
43169010441
34255755892
30260646105
08574180092
03266702204
89984100286
96006873230
83506834576
25963053480
74615215002
24563815640
00152868356
64623284794
25449996403
97167294489
70528180436
10804578796
87327055061
76645997760
25068061565
30508332206
67785569002
50732430569
56621682450
17635523066
70197160590
05553335582
93754439065
93512751598
69740397867
31382770391
35556018308
83631615868
67560890300
87320896788
97727093335
76154800002
11040794963
93562437439
56795520196
02123429406
18808384608
48383174683
46858082662
34777680436
18072823418
32017992976
21204873674
31893602001
07562894590
05999031478
29804186683
68180847020
48698487599
13775877460
97053083144
69893674662
15376663396
61202939490
38844745372
03764223006
01467788120
81026821592
05038526276
58551917617
05615728442
22772207013
50997754036
66928590262
84246516937
48763953650
50076870731
49960594190
46932720353
16893800630
07891000026
59495280427
63596376696
78858630939
50956025552
43611162701
11390375285
51476464006
96740321426
39932081108
21868905853
44273867095
92267350696
51983071900
81467004383
03312558476
05563661156
88277345208
48988231490
08549097373
73782521404
77202092816
37297041920
73720211622
73031773969
74387006749
03122416662
38727322696
90117565415
77260792906
35620612341
46526539564
05244073044
42468940105
03450002856
88938755193
74678136940
40162427468
40958743762
10258617799
23337665810
17674669602
53957972973
63738283951
40553412884
91956341269
51477962905
80377542865
15014319009
65382629374
35733083760
39110632298
75191841026
13068741300
49632765850
41260991075
75198615463
91827902485
78972218499
09526357124
19880984838
74013833220
56227179906
05748628627
46224635129
30668300043
27110804984
86760485092
48783849645
70694537799
38146023231
81708776109
52232413802
78642486244
00520920708
90525951199
92701568935
26866840112
34326378964
65207477692
45449225008
29254796344
23332954652
01585041190
65668803210
72127660897
76258508383
22430296004
96546058723
16723560590
20372737706
59558432059
39021913410
99543500045
74779627737
62187119270
00741896206
78497084071
57945354076
65905191379
81120961637
79396000523
36134645354
74524836004
45134065934
85950795440
59118781276
66081796183
14622329301
18876987878
65103721007
02615008480
32495473016
93991401991
94206687463
17453612357
61880281597
41963383133
73814852303
33581870983
10066452767
03210523231
28473741161
20311340946
07470713905
87201268597
42875908219
54444403420
76785507669
44790907627
17752128821
61300099763
41636007287
17180876240
08384446601
65552715314
47068088040
85836686203
42008663078
35581407290
07118893684
81325535605
13918686922
27769670632
82942094737
79530841981
31723412678
09869064256
83980835901
30225607107
69321517405
35886474650
57260415932
75681746895
97830348987
07365281561
44031522878
96407182468
16438285765
15060565807
17217069769
97030805704
44235933191
09712433366
41231136480
26992335871
41363234684
90036179450
93137926211
81985023601
46018031876
60811144810
39677995650
17074887625
00998079120
05801988637
77359358973
66649848816
67899579600
89568403507
51467241130
27123005996
64043199937
61536694509
28852675183
97815310613
31547791594
52024810128
99828511100
43308472210
44509724497
07438512509
95729251050
91435887000
81442307102
51522194096
19438502246
82202366717
96523886026
97411556386
26777297685
44525190752
78597450541
08252059724
70735387087
28017866755
03883820075
25022018705
48662473121
51954252722
36838352818
85651648968
85222637018
62457033012
98576054272
18008550791
14732177921
93292261163
76597510348
65458021436
60359690033
17126997760
48786441256
66302339480
20421366974
55642630229
96612464836
17751724064
72879454603
29869620094
67440336542
20157336204
92856854710
17935872996
37780715485
40380777304
73966870630
69872542732
33497528536
95244740695
47805784000
60433805790
57529243675
49804884399
75891046474
28913875705
12388288843
68525025380
21183094574
83155585366
35314166852
80514655127
54802130678
80333987365
93102355781
40457938366
73354497904
06637069477
97181238140
24151516964
75865630636
56595426706
69683090176
41758545259
28385164936
28505463722
82799184936
50683633163
49732682167
40418819785
27435423904
86322298690
76083246008
57141187669
59949771102
23900811180
55782797835
07762679812
66980271547
74609387697
79579456780
35612430531
79827287311
47324272193
39902586724
59926809774
49773407101
26560472698
21216308055
10984051457
24338084057
42226558306
00301392790
07169514362
14038461203
38278309663
40832640719
92453877712
15058887860
38794087261
62351718208
05198694789
94477476809
76694840128
11043774629
43234692335
49146007490
02625041382
19895310080
99245380130
82823217029
11364264935
27927163809
91009304828
55578806236
53845667524
73874086100
38513282219
83928212974
98847345774
63588359982
89127619435
52963947712
94480738525
96686718483
82527014348
10300748957
32003681280
54212487209
80843873833
69954374620
32779300680
49369563920
52458446809
73539926976
66143299285
46753008047
65864430323
34142056379
87424299514
91629306720
41794418610
16566208631
37609981940
13798887519
20593149920
82757739891
28139400467
11463414072
50149526237
11295229110
61432570862
32537771621
25476517189
39268301822
50863019986
88370839711
10623860600
10998984477
07527356677
50521695902
93154264280
74636398270
23909163416
44153470880
16435819530
68582993005
21367072301
31442287888
78744595980
06429585212
85718874387
03082178707
49232184010
52502276357
73705035428
42216262404
72877349748
76326796261
29863297135
15374573497
27606230846
00752658263
79182639280
09551411331
55367354700
19859969280
45365232437
85711469266
24897093996
91016562101
96556149217
95317999626
98107330110
07538195971
09848671390
83444387210
30540494267
33925039910
96244590023
40783937997
97530024590
37448263846
44160158528
44255939101
31696550432
89983391538
16580107790
20656937629
92832923402
72525173309
96368345128
39818323530
17064338084
57408036083
90506417417
49713629248
72079010891
35554517153
70144017342
01428958819
51055800441
83193127795
50700855904
60767872525
73811332619
65362652621
37145332060
21398879134
14391059282
14599416240
69473523556
02415965219
90331900874
53490639952
01253594031
02741975027
67374833059
96996233577
05135602976
09428477842
80282801707
46007532321
94796859659
98388607863
09173705624
71020591161
89260328179
80083990585
82070172449
44762608700
32750050308
71520849044
88443811099
03197384695
81830094092
99199935490
48748179043
38416792852
91210341417
66900807810
16839692434
64663917100
43219102182
82875558684
37193582089
73799330275
43481880332
57322032659
00807308250
34550828153
27462196620
21881082997
12857222483
26349007409
38192290433
90893279919
13356002139
02077087382
26586665949
84077434297
35467864599
64417177945
34624254988
97532270270
76844396260
25938592291
17828771932
20949724378
55199612476
61904688705
55069353233
46803513491
84642953590
41319135005
63499299500
51091687927
93457700621
13440781682
20695907042
67776233960
16197533758
21815095652
85503493052
26639251108
26599872468
73153823138
64698552451
99521292385
89548054345
58665254102
01542624711
44194060890
67492578016
95625972109
34720339751
57763422602
71790453062
62278870050
06983879104
42529611815
66385602630
01802412816
91925178382
51437295720
77239319725
80161373852
90847001989
42749662672
13511829941
57368544300
66680876982
34196679064
71169015077
71628288507
85170602456
89388624530
28037219291
49097726778
86924075851
47591306081
48162083995
55524348701
48452101503
33157965131
63670225897
59845610854
42297712740
00248805827
49324431021
92206526255
99789715803
98392337930
70291421369
93115083149
86967717103
42861083255
55384917652
38968854564
47462860279
78593243851
34797514310
11968734104
32159920517
45840322202
75836022038
17421658858
71027502857
54083566396
81582547645
34611713520
96791319631
86316485824
39712285340
59908597671
20698449274
07781982355
02938820887
92764745524
09421322460
10940355132
50439627206
93043108302
60501717773
55480646818
28558974403
87213285521
59546296252
71053930925
27586419922
58735880406
01048174700
87791741598
14400493008
73015141155
78546445788
32985327385
97894318051
44251238168
74857065517
99358259655
10614050448
85212699355
25077924007
49930014608
49889300842
80912731427
46842967090
89443531585
83581784920
57311918162
04902068320
23692160267
40835768040
79890482800
81735014400
20764760599
38336345531
05795888311
89933029606
95840705330
51002573262
81031136460
58518204461
96941141522
11039152236
65920994967
16475261408
95768861718
78224738086
27620487964
05065741565
20827641257
34059911100
51863580026
76428422360
06742347236
59566863241
21449003885
68328193310
49197245860
52176510402
13919963806
84319428358
44939368947
19172476648
82960612523
86313928989
54746985189
24903221415
85653586820
91886283028
71805206591
40780275713
25524623591
43870952610
74458449451
86950624140
96662949159
56316061005
25995702718
74385941220
35362014820
12924633176
14301941541
55890636804
59431645106
28651202520
96663153358
38113188290
44976743985
83342909420
46771514072
22067454293
40539863386
75429219320
70792000919
65519685703
93221785909
08857027430
49437198055
79748182479
50160945780
69606541495
52389255221
83421457603
54340403091
77215463621
00129763004
29786330692
82989822313
99859984050
72575675227
21489699783
84013120275
10638187885
54597647503
27707108698
32853048047
59836485350
71344014720
46721226545
32637532157
83830264631
88274077156
91964220173
93423717955
33514351007
58987074501
16538070400
61176629042
84489277024
77640413273
22380617546
90420968881
87804781741
34378526638
17569701739
97507200914
98083613584
75156104096
85176038935
70969088540
59808635407
68968695261
10318326370
25302484510
67214022036
84825858864
91545275467
36084917593
39867442156
47058304076
43807407065
90854752790
18922847905
99303783409
45345422834
29290004223
09290130776
20264811569
55937878086
70401542696
75847995580
97644450122
37255217516
71858535590
46205181665
26669306881
27506881918
35681211746
22806464552
04189069710
47852511902
34008409122
65517248179
74040746902
29213835787
06812586323
02139735960
22744767050
72742525009
76628032280
25728914500
82209783925
57557331125
45369951969
55503756720
24239207924
30256702900
18225775198
52726362443
82398423050
15507339074
07732026845
74043374100
36640110075
65068731161
56945549810
99522308340
49645141966
35360956666
11612565980
27851718376
52468194420
00073356603
05317092485
76221687420
09941168610
05287719493
38795519874
08748654841
82842470117
43219108890
52832608604
96074479720
36972593425
03418693849
56935554969
91867684926
53496837802
26223816383
81780089716
59364705556
00292017308
18167457664
75752888212
71921260475
63316222170
87055542090
32052174389
91559191708
35064961669
35838346582
55904269285
90563069449
87741334387
68116626035
74293440895
68936701843
56414327921
99716457774
03900095809
85183734330
86077069850
06806318363
18008619155
12540359159
75278878770
11543575625
38541718972
43852591350
89370526013
03768714900
05790277675
47707834852
08728094123
95507176310
15090780455
75058940728
72281931722
60593102304
90567065006
51138376604
80978938437
60691847851
64379484343
33112301242
14250211312
15192741815
99344677042
17238873150
96247079281
43354488050
68799414430
11922756679
56592947314
87406275358
38799082225
59016895183
89839691481
38963752887
52097120792
09419525686
04748736259
24409631519
65845989930
61623007062
92724186230
71528224841
22930293527
95426618275
47066240294
63665078130
99668102770
83807736328
52398657361
54386242325
55553934826
09456685705
70607046805
60198675100
60562617272
95764945755
71557789584
68286252420
23145923366
18805950955
31007835494
51805439910
23265067580
83898998681
91459731212
74167515270
13993472250
83162407346
93412159000
22543052470
01629256463
08458921189
36238404833
00260454516
70310277213
69304027020
79570518553
53130164316
03142282769
04603652828
24699014216
23865490620
10002472015
30212674838
95249745334
86560560775
17130353830
41222766671
63491268230
14307032373
78654976284
64040581709
37750382135
16365320981
49585209454
60653520808
59082848317
72578446156
87333518051
82067176331
72311668498
35345090564
43542958654
87425858053
34009756306
75542996116
03182156675
33639249259
16843507786
18448956370
61945308478
52576150454
22105969984
55513900475
52297744366
71514044501
50547228589
11558890530
84234395935
10367532395
54335402511
01582105570
56157306092
69417042505
12963331592
41006733612
84280453136
59330728006
51308438354
03661011294
56584537714
09837167904
32962241573
74719579990
42634817550
34447745160
89248830978
87883066587
48413867509
33242298209
71279179490
08354116646
04577903342
44164493569
20570527961
39719168803
58404813272
74536805818
57662543692
52469520100
03451824566
04211077236
43801069931
31153590638
03275896121
15041443769
60655770062
42302841360
40252958144
12488645222
14448690008
76100445638
41672813840
07541287091
76373915077
50716073528
76878542847
61598127420
38055238820
55304183096
68246505521
19583588199
03909731309
42768714330
84148096500
66676976030
41495664457
55893529596
20187764522
73389429190
85543044461
96360470306
66734162036
26146792241
26668214207
74302908335
34737573302
62584442450
66005636138
58901586274
53799067612
21989790208
75080891971
51696177120
74058467347
38365166160
55460540267
69198793608
30573329001
38873611648
76812941719
22186155419
89603492914
53032645050
30112442277
59717699100
58545971362
57160193580
57974868732
37663729471
36762498795
09075082436
69254222534
14677356718
95768697144
96654700198
44515074997
29799587514
56287865350
37361922660
21034015141
84839759634
66399048370
50514919361
12840233380
21587128217
44289252800
43877081150
26668939600
63607235309
73567147870
65177865894
58944207097
50787063053
79756285141
61979763402
95310301038
37634521337
69978287108
83624257412
00503488097
62198387344
36044518256
55195177627
16422653654
02455071677
34479989625
08369133533
19981347094
64129868713
77839687830
20174284420
10336978189
56923638526
18390530112
58512545305
62177962447
37208158380
31348420685
76112649314
46781433350
61394458410
90450183572
49503374405
29955006404
43502759910
80234206748
34398293914
15681131610
26526742424
82088417222
48732210302
35597369270
46486804645
56692695864
39892363345
99235873550
64141702919
71757666028
12343297860
94362987223
59776864716
22343570981
19618255700
65612589247
87861095533
72566647704
84251714903
72110096241
18765223802
89577295509
86905138339
39250057733
71071949845
60319221776
36879797849
14501620960
14813954081
77162941800
22725175445
57440952413
49846774222
69363665119
74949685716
92136042629
31259196658
72101515679
86477681595
87760188064
27686008495
70140787550
65815791733
09501492257
12359575511
65432133610
04906079423
28661817943
66734298442
01064474160
83227084325
85094869302
99159478012
25653077720
95343153542
51682518701
85589276853
75546301643
16183542725
05573344463
81188664328
94477215592
60932591884
47485596594
82231898608
19385309773
50856704342
76936179495
58231479104
21206204079
84733348177
75013056179
15238450230
02600075607
29438039368
37168791770
57777149270
67929173976
78124830614
21098786653
02548431401
40949751367
56619710603
09489663603
08963959872
56181044159
48120281160
47609706060
13100939204
35841683926
01047720698
92413025006
39154749085
29619715780
88777139410
33047154520
40673534723
28298085094
91944460322
78842011355
84077806852
27626732162
08437234670
47895215914
95889544365
37669603690
28094774428
15937617673
83216192156
85447448930
35599012948
95873196990
16426980838
26711480384
93703290560
20441205852
13895689700
39988361874
82864000385
20801103908
61056945044
73373561108
63205207602
29937052700
47466994458
42668900794
43605690335
25611578144
67704982869
82056337037
98252713106
80998871230
69469896513
40451496787
99207597322
96644801935
92646803907
43632562571
13462038494
39728104820
84180464810
30001349805
42615700502
20109739841
07482493700
47842135894
07869971090
75955893040
54341145584
58261969126
78275980640
61298624908
59506544638
41558478922
98255576649
68254126046
01467542636
01610458125
17795813437
57057396210
70452813077
79892881338
64809634310
86915152369
53762861005
40308789970
44382193885
11046334697
11935185047
86170520744
42323439200
83764880317
98116723936
96072206760
61682150852
38890623349
96805624843
46732821245
38314195316
67718518264
81987551877
63188130554
79007790781
42672960658
38934444320
88335467480
57631010226
08584387986
24372327021
93031714032
27367315730
45530197361
40279674708
45369096996
57422297204
08953100232
67853601530
21316170543
92432350600
60818795263
77339660437
99549792129
47326509530
90018743803
31071047108
38572504109
86235268050
55348545880
42555432671
85393918569
54562016825
62669826504
69847578869
71847393705
26325781678
83541446234
93292478146
20692244735
25905459673
25464983201
21255235667
69353064503
11793239983
20464710324
53821979380
75748017466
60555593070
74200704900
91820514455
28384651124
10439151171
21533835870
99453283878
48971244330
51584839147
33914859300
07604601839
47472640271
55168671004
59109161570
51837677000
51378015932
92220132200
49414729500
88204553668
66176598729
13038199702
71641664045
39695222005
04095490454
22399773020
61486648363
92812222999
83126377459
47773031959
98757930430
52662174994
32978675152
79480255103
70215693949
01324713615
90300448708
74281324011
93685939300
10899921906
96765305653
58087547390
30283362430
57668244751
94462280180
44877195424
43999657464
93083629834
77883472305
84048439537
16255673910
48045953330
92732137073
90144871343
59945769480
56906281666
96516832285
19366272991
48906706537
46626589342
64585714375
61658468074
40996589376
37565913790
86142400233
66390582439
50313261903
54225059308
09547196200
76414645990
81278613161
18060117947
56793436813
12500849627
02944042289
86991660108
25826078359
52244558126
55505394469
72617199940
19964310803
86893363893
05462933606
64588474162
15313994522
33033509061
94351029803
98429050558
72247540058
22123670901
93074846003
63210434190
01405627026
86296795149
99995329506
64205545002
07927556347
47167256005
00969309007
53655540353
17151967837
85687795650
55750017761
91743450605
68548217030
08583159394
72141425700
63949706623
29549309932
36863277409
21910234443
06081155250
15108707258
24968382391
25967686746
91412042046
14737455431
03638146987
25796840347
64788263173
20660255006
60872344207
50408076860
14428495765
30258438967
92519579595
79360005851
66539784600
27636889005
56124062313
64040626583
94978834716
42640572997
08156753720
15564172256
75641835005
85375300001
75366824419
53670435506
48348877312
37336084613
68224511537
57221255040
55700653427
53939953342
04789424510
51277979928
55200516668
03264634880
96243583201
80475927184
90781109701
64343187586
47085023708
17756744012
56945379809
90766564010
89570247193
42747464962
13004070693
28358208413
52268433307
71982394714
12006031929
54719135072
90550848088
79771171933
76183774642
10331586584
83602579654
86986714033
82765718830
88746006230
54444054662
35355723209
16025899681
11258694379
20705330001
23466268729
69820178002
37489662109
15210776301
05293306448
13438187370
65586207400
77129668938
08762205374
15262730396
62201933855
90910906181
36969486834
71807220303
43745938100
58983571659
41428618597
33597161839
77682670010
48124376107
57203582426
10797477888
34950992392
41976999480
69820801702
60455061033
72426635479
27585668856
40938175700
91010262084
46500489071
45032045055
65656758052
96210882919
30055550703
76574239869
36637450405
69974979692
24821598140
14117900730
47793800222
97382966097
35158589208
79464165715
45796724967
23748273053
41181127793
65430901709
95209774570
13118256575
89557090219
02372912828
82463077891
12470547482
48498725143
39549705110
04006275404
49395134917
29632598750
69491912780
39493522288
38740816052
85153225364
36702861281
16631626978
09537045560
87010712972
98231026274
89071924645
40308202201
93604658799
52690590611
82379329435
59691161737
46742903252
73253682595
45682861906
99064760101
50477912540
83757427831
05096192580
80596765479
57905400310
62054773352
85763835433
11978681356
21459876300
43894370971
53416724534
12647904146
12768360902
07914477311
41712109090
99522728713
57747650086
17943136306
76278420856
12999685548
52576472907
06535282210
47428919886
78645092662
31941707246
47461125257
19128183886
82178462863
34578216586
59290102004
42323750747
08001450546
91168287391
20726270520
46548548868
05876992054
12964966788
85832406478
50432910522
21944143637
59437032254
94839074461
87659746464
50737602554
05744149244
68808593649
67225290290
70422018686
44880663565
12080003577
54792036224
50344725898
01375585703
87254723132
27974908602
72173400126
70678695016
88412319982
01881218708
81890089192
49669621968
74076275330
98376676725
96602778900
33240657473
76928855673
24413094476
93308823829
08847469252
66920573962
93544094827
78178952602
20746461437
18029373902
72381399100
16598675413
31594397554
44834382478
13544206080
83528887303
39083699080
29483067600
89207782561
60595416748
85807877187
73033064981
32110360917
03793284107
63090495937
93319720830
66078347799
87393694808
54555906004
81067866841
12502333806
14390957600
67367483307
81165535777
61072424657
11399325000
85633749405
12081100550
52935274105
27827381863
87729249502
70557760232
99801716509
46836729876
65813060707
56995988205
59025700349
03481063512
61559158905
68706818560
81631189204
06774120024
57065955770
36596670724
80702509175
13338037708
42316197000
54254244428
96327860842
86560894630
23320945394
89920675504
51649417675
98051505697
90348543700
22270354559
97267164463
45906953086
09381708720
64335151853
80424126060
31352202573
82350993574
01809844207
68081219668
59807253500
52824904127
10558366678
07584564410
00757161510
73184230023
88978826334
94746914877
50109528158
63384171128
63995589219
02687800724
74780348706
58894383016
43983444113
44133733754
67855654054
02518806210
62688212702
97085080558
47967330277
43089367130
01572292709
11967676615
19653951980
87829176396
28699716486
95276243719
59169071098
81623684692
77437964694
00178086266
13512694101
64623366251
54934154965
74615978332
38954336671
84511105847
12231813670
22467254887
17696049283
81964307449
08963339149
54565525313
31279567970
19970996240
21137895586
67090439593
87378266469
65187223127
04850681840
24872529600
78416944822
96328714998
92076475672
30817850490
67046700761
73172570100
27902903698
80846553376
43410759263
07241133633
26106281882
48372633720
18831575872
00462082830
20926766104
29712707857
74587523780
43127440090
36650822000
94801459102
13707220010
66289054031
58478858229
23156747432
79695213200
10837705517
02524062732
36495564210
07720836731
06276541184
49332291985
49460364403
67039866650
10747680000
22216375349
11877790753
78531836581
96728941800
99532639578
28797652776
55527199995
15394249440
24597566236
23428070909
12825356921
72934383032
31974228304
47538731458
86076261676
00125313918
67793668545
61809616204
35407639378
63859740067
36802183200
44197659504
33461779806
45858558747
98215644619
21774042401
31326023969
70979813344
07962031646
65021273043
77365384506
65815703974
29105829909
66463212997
70326009809
99113043706
25644280888
24011063835
95776807123
11604390794
38813436521
33832521160
21934215872
56829921210
64810315754
88000216620
37344929120
11250863007
15895895050
38624678218
90104341335
47659330918
31637509154
86905127566
71726603741
68751134810
06914507309
41098480082
72348343460
59859543151
15869991765
39958203014
39674751661
25148725613
44737932736
74097974521
41636340296
14788372096
67444865787
83339422290
79210780795
10936892269
99867312244
66504435650
26999915547
94046944870
76014984330
47011623884
14385981736
95274806201
94629642706
34217665415
76555373725
73594078183
52555978801
66304971559
08005556942
75701156788
63749401055
11183183666
51440931089
58845431584
91795003316
32919056280
79596482122
26275667176
87423814016
30677538286
76680220823
08517489705
82287464310
29166026237
79251123012
83183324237
80814840604
45372419504
23023551995
05523534005
39295742176
04088583973
68059603981
76671701261
97518136112
96482507409
69987666701
36076849878
52471039553
80248448340
26911629403
23321760983
83034288107
42176088107
62006658778
56746040453
90526735430
33470672237
30025891448
27686638405
34999536501
16939952632
33775744339
29472881734
36407000157
17500190603
66228267493
48811474477
96639489651
99887429325
45219013440
72012685544
25707897550
39786417631
30977379795
59433003926
04878748389
99255262211
92197030507
52844322310
28179306810
42264693649
18864170758
05957084980
36633081626
41102091456
28490917825
15329182670
10877997322
98632494678
95378920000
61422709418
10379434652
84045704507
97895957350
20261328441
62922558088
28489360880
76808847908
99045459876
24847787838
45942524513
08228324880
81863247122
37841336578
00971003823
37447543080
89705689806
22694611931
13419173806
49347537020
96990371722
44055608543
35049995604
48448257472
85771208990
68034730904
29406360365
06266744090
84972995580
78562704385
51503330001
26654243471
53930908387
90726006653
31654419877
35392605877
98647742559
62325501108
44048789902
60759536473
20676019897
81196512515
80599566639
31204461147
74252381100
32492662721
10376526904
64293710930
78302763071
39422661218
33042561054
35154906390
73898950123
28541055248
24629334920
56504815631
01743599935
96648001046
56641394980
05487771014
32242806700
18033699060
28410189038
56281407830
08471474794
65668721914
51859797040
69849619716
58354830829
24229325258
94100287283
60355182815
66070592441
25176686805
16752707596
17716523651
72036553427
34217992378
62315017874
61148553290
28781115830
06252686280
19197232262
89523622927
33445080593
51394205970
48369233872
15211557204
85430769193
01795733810
77278791006
67707350596
28568639496
24712431504
21639500260
55419485419
40483864250
29491786695
39884545758
13250510807
08443302640
90366266845
22693139171
82484429770
71041299010
35619978214
14344683218
37125341403
70375066055
56097653158
32457179890
24983132651
38555385067
40353718661
57631259755
64958005501
33058203578
85660545718
60859354393
74829234202
74554211410
85254261137
98725108069
43660345733
88039854415
92531405933
46762239358
65053188017
63605978029
18832429837
54902407841
37833405949
13736719205
72369959169
21027800319
42953447296
20468894799
81813115826
98132348907
02826864602
43233636997
58759564962
08998473232
71748281836
45462437404
04814935900
74211687450
16590258422
03445847479
32951592620
51494275430
90360606210
01146353405
03688948513
65016362300
24264570310
25767058040
62821544480
70832351989
08031709718
24731915228
99637610111
65287200536
93565158409
72991166002
49058796639
26695144729
89526948211
56850078844
67421201939
27315588302
82109716037
13891755961
75269920573
71529949866
30633912204
99708427497
31688750827
46840005402
19850020865
74737818801
95172776958
09762648625
40859422127
16195704911
04716882152
46123320327
62705317058
09719311940
91128930480
73421991413
55157129270
52561776565
79736080447
70535072899
05922181475
78027291062
21168113849
40040733246
63320134191
53257563388
97673787903
52270722990
45372918691
66296975295
63161300319
83779336596
27583404029
13730368427
18668948032
71643523058
64685051270
87029015959
29938013503
97893261064
86105009186
02915828938
49498180407
28746376020
88290482167
96901140185
50315181702
39367188226
49660470568
84821054507
74767803535
33570456480
25474058306
83732129144
01476036098
93645105778
10768344506
78681950886
55455931520
61064231306
67944925207
40325882525
75641867470
13769475100
60894846523
46705260300
68319605709
52581562145
68912584057
21279120207
81088438555
84992783023
53457704767
17937255277
08058459844
29144612320
02875790420
16246041965
18093039406
90851050565
29683209041
35346248749
43614999262
04476657907
97892336206
71247528928
30150509405
85174076368
21948284006
58852089055
31279906340
13148252080
81686583702
93617836704
27688194920
49447735363
84975256126
52854514505
44948804851
79327936450
62399594134
45612026099
38615667535
61229650571
20046708944
20743506278
83041383446
61433439182
39143347975
10540864943
94552696190
41374481831
15706982015
68689134352
14940377776
27020511465
11617777684
80143758748
87681383506
65806989771
56447751277
28017097190
47793285000
76961735452
22746659581
58282152560
90219828032
01743227043
04051890104
07577708607
81403707030
21021648027
39260919835
89760010364
80214639703
13816754929
75953840870
63113146810
09793276100
52549156684
43849151522
95177366650
06213679588
05481775620
81952691338
29209021304
90262900041
97668955380
24478318204
11542790140
01212198107
06730197056
29062347533
38658991105
20240015053
44968075308
01284069095
70203249593
42266765566
84214554000
70189200782
44619845671
33102555225
01628948051
88055738688
14397910316
87807190230
06004131601
04687136036
29270962954
93913746110
51431091910
24739956993
74164577002
41878911023
33125898781
86393819413
86382599301
82715047541
28699458762
51891622811
91939102820
27779551660
96781062212
46446751648
63945814707
90879648708
76193857460
23701018731
91190178397
64131772256
57211582804
83675884015
03039765868
52389200400
78878345890
45267872725
48446674599
06765742549
78264001718
00006040624
30202088588
54031879369
72652672223
79462602883
12880483867
72920187694
66003141336
34815025088
84563865028
95771301868
17270654336
78806255770
51272742059
92103140184
07735537468
64930287600
74885015600
29861656308
30078483697
01481071505
92357445807
20453452469
10882141260
68317865533
39213278810
25068366595
82628662663
68113254536
94576204025
33781973077
51217040625
65235684400
04139400714
19014438338
62441164880
35377900154
42114047687
03431795048
33418168957
88993406090
22702258565
47240604411
20238347672
89483784140
21985921936
01355698421
23403352994
42354474164
67277534310
94338879211
36622879273
18724464341
37866201218
81304168328
65598382008
28451138977
70028151720
79726297222
55459214602
20639633633
79968142794
82619154090
07661844044
07386483295
97785946000
74474152271
66866716497
64705673395
89286645007
53499097893
78416107696
84213331008
98715055159
74853904573
16494916465
79771564153
72809495840
07278129559
13170349619
05214495455
36916863897
77748087288
12192715358
66821435243
11890564451
92135556955
40478080409
23976255475
03064588028
55951990750
28983470003
95755252726
02737422566
34528418983
75976461948
86379562540
04959531304
94381870654
36946886763
52905502401
55716146252
55218015881
93488971600
21888659289
66901644540
47026594567
03667965850
22770580680
44318013910
84544902800
08483870908
58914466426
79968512125
24316476769
56741764186
21988986753
39152505200
44019606706
72216324302
14908035482
97934337523
08397510362
63796207294
10951676008
22074803729
77803305911
25666954237
31963363795
65233915588
47049527467
32068174634
02198711249
33989705830
50613819632
48238469236
33476976009
46623687157
90375100270
66192459274
66062845468
25144394850
06022763142
20056975163
81626450803
81491016590
02814121979
19649811400
78658729095
21671883586
17600574608
77734792677
84588878000
58509491607
60237000636
01089650582
47564537400
76752875502
78668766902
31907873287
26965730005
30599375167
64957369089
46498206004
81285254252
93729347047
73170731726
81381521258
57876160220
04921561745
34812162548
35652339152
67299804000
50325728291
65610198305
33460481528
71199323900
16934627709
36591838066
98177588427
22734529181
91887756078
31863770640
48580765390
38359659303
24937335685
23697468740
36279224333
80224637606
63125606608
72446085946
37665899200
73231554284
36993137941
58471339102
30058571744
48172983328
99014073380
18321547346
06773700914
90521452023
70413265439
11173940260
12434406602
43043084322
32075404739
10844207675
57533837347
68711120908
62333437804
68745690901
05831833100
47155398705
34632606383
86396979225
82799434983
85070443607
25263012624
02850221139
94883300404
46929577006
78561948981
80021702020
52219113299
80980956064
42850162221
54650991005
04322633650
38455660600
78113580506
90992347670
00165101601
87776787108
37316507896
32514741386
63424311910
99822653425
15211662008
39385927370
79660552998
17570091167
79685533008
28975832821
09202259267
71498578098
24446436902
41342474627
99838999903
56050414289
50876220464
79838912700
23728526630
87205412013
34191077147
80553847970
01589421914
74399828196
37065113639
19309479507
24613352223
55380296890
29382215417
72524988244
35780218498
39231389700
12259721168
22165633664
76730655844
04987204118
76510747421
12892467691
53455043771
86105956096
41984363557
30317852582
56945577007
74978266629
95970121037
29276181865
58585174986
12774481406
25629556177
87462330083
49550727122
78430192000
69907643092
96102257308
42081044064
86382292087
79508210605
55482612740
16326977428
96816796870
39894633811
14207049746
38470261860
52435325096
00302922806
28814851891
89287432066
86786736130
48433434802
12000128017
63384952618
58462525837
78452672870
14712263601
68145982138
36935981182
40331925494
41739743377
54787373137
91207460834
74311684622
60115585508
35044186805
32130763847
42420661397
39984489000
19624157162
25430894893
60194284786
45846710280
27150715745
24320442822
62457933862
36070887808
51543985211
21420665502
81164763008
41749893118
11935277243
56034140730
38033119004
99630743590
62299094482
00694599085
20932817084
81537988123
87559618278
69162487698
68598644510
44454329389
01329348761
06484433291
10866203729
45696940986
76766504960
69590777376
27893572345
77466055915
27534585538
74206207500
65092950757
87279022693
73150593263
15991613893
28896745845
60329634895
84327146234
07519611248
95073005970
88498043778
59401372535
34685382609
85395336346
33630570917
28173551057
01589219929
64600163133
42234264510
21944012290
36332914904
21457692341
18992089414
00926751158
54668913804
93244055516
85446630440
26543121947
14316830430
58006560374
56498274786
86809350934
35171993548
70805466215
85954566747
11906533628
53900102805
49579267863
33426726335
71756269408
09884753911
81666139726
01540837556
55615596139
91681940647
73743019019
92949420230
00819907316
93370646188
49168355300
27347521408
31360898042
54899705611
33165021813
73146293404
84482971057
41724053710
65864370240
10758108508
17614986652
14900616222
45386353322
93146119730
20583973981
54781431038
67496920606
53726784020
94491081379
34552493027
16293868633
46265626043
57180857068
97418267533
45329148928
30735466696
41453396144
14088540743
57560743331
89974211743
40473873982
47135001001
85316523911
46020287726
86092038595
38846699238
41758370351
10280012403
35200186919
46982258092
07259297581
90763403407
14330949326
66377194048
44995061584
22165598575
04661590210
09625224815
42914123981
74955431755
82725897459
31817319787
41231758210
91560932414
33277568300
11206531851
06847013249
08452091915
49790131712
14094780688
01021088463
89676575607
89972573150
63133257536
76626506188
75755842264
91500933473
70237091852
63681176647
73092245237
58706921647
42028398469
27394615006
32777869430
51747940909
71043792406
56179359334
35293687336
91580606008
05462072279
37362883366
41000150461
23043681070
18251189578
80826126308
62406900401
80513338705
76825837540
41387749390
52592643982
99066670363
53020480353
54399548720
24343242072
09046661660
29664215333
60354788248
24427553273
11574450042
73629856225
47369934640
89900159799
14923285370
82108856005
59438550500
68659043383
83011424217
39036090806
45013878829
94342745836
09242447048
66062773025
52051695830
81563517973
74770507828
96301829980
98798056662
27516904244
66165717004
90911900780
27481343039
55673409907
91902113241
15408266354
22820409962
40959241442
73096546509
85437621620
81677882964
29196418087
84842387092
69159439190
39622531300
72190506905
36743870005
25138090410
64703135400
15028714240
24426951704
53721393902
17470972927
66408840620
55922424688
76969806880
95314956969
51136821015
95752569486
59251902380
19006319112
93422999205
66121248300
39790891423
44354906333
97333965244
91044143223
24578926516
16157003588
99230355062
71513060082
75638465499
75746879940
07604785034
83302897880
36495989814
76769429004
17717260751
49434094585
82569367206
21452326134
72149084414
13063532622
98412759290
92829255100
53516045400
90659611007
98017211384
36853327080
31792757743
39030833807
74929626145
89804175355
40315418486
22901394400
76196296884
13368591053
35897287600
38288099793
38311748730
19813512210
61124244018
43118959339
45316219562
71017331901
57473985809
92948571316
02371693553
28625382800
72373778769
45877107410
68711795263
43632880271
87251940973
71619413779
84419974206
82200148496
34421704784
55244617532
04922464670
70434886130
57644160787
31402124538
63242296613
94519296811
22807268404
72030374601
95287830904
79551853580
70517942992
99651199881
92099946396
21601674600
98088265398
07486815907
00534806945
86465475235
92042702331
85176341956
43842408137
47898294645
64112641206
77472758116
18024923807
54210724106
98518277469
72485209774
01206720905
12551605431
44111552064
04174216134
89102557738
19476087200
34654063706
15345457786
23616854423
62308785268
84775219057
76768252968
37595927757
97538915478
58576372363
97502551271
55247990706
83541310170
67607577858
45170716427
06606251567
04521303013
52957496658
67329189740
06059513816
63180378026
47823575752
85886503633
76954482498
22246950473
08998788578
39818704177
44406633464
48490400393
78123236174
26532994880
77334385519
45775597060
32644410800
39339262620
12167946422
17341605278
79252405399
33794230175
26788532842
94343269663
09154456037
79103773710
46946600983
28011226614
93292322642
22998613438
73687698750
33614963497
98680099104
72439910686
81754235603
53193971944
02110353511
65725812413
36193512870
21121354572
89157820384
01567186424
39832246520
93071189907
61994240938
88843956310
72922229602
47735044470
80700787151
94731225434
70556421914
27595765072
55785188422
02141398916
30245996737
84489058730
86746182517
11316650154
51729168221
85076862490
80632985780
40977049230
78208928542
14074049465
58132220900
36176196140
80961469048
65030843230
86401338911
67777773186
39238753717
37386128231
71267134879
33448364398
39625675264
89227363050
79682226210
74817091576
59297112838
48468356506
90337720606
22797819802
20037895613
22491445409
19691060850
73955950840
59443682095
56719698753
07904291959
06093137546
18915886720
47837729323
48461260562
